0 !LEOCAD MODEL AUTHOR Eric Wieser
1 1 240 -80 -160 1 0 0 0 -0.52101 -0.853551 0 0.853551 -0.52101 6558.DAT
1 0 270 -160 -200 1 0 0 0 0.976672 0.214735 0 -0.214735 0.976672 4459.DAT
1 0 210 -160 -200 1 0 0 0 0.976672 0.214735 0 -0.214735 0.976672 4459.DAT
0 STEP
0 STEP
1 72 240 -120.79303 -208.331833 0 1 0 -0.52101 0 0.853551 0.853551 0 0.52101 32140.DAT
1 72 260 -120.933014 -208.589478 0 -1 0 0.214735 0 -0.976672 0.976672 0 0.214735 32526.DAT
1 1 240 -190.477478 -152.343567 1 0 0 0 0.976672 0.214735 0 -0.214735 0.976672 6558.DAT
1 1 230 -194.772308 -171.877106 1 0 0 0 0.976672 0.214735 0 -0.214735 0.976672 43093.DAT
1 72 240 -194.772278 -171.877075 0 1 0 -0.976672 0 0.214735 0.214735 0 0.976672 60483.DAT
1 1 240 -199.066986 -191.410522 1 0 0 0 0.976672 0.214735 0 -0.214735 0.976672 6558.DAT
1 0 240 -199.066986 -191.410568 -1 0 0 0 -0.975917 -0.218143 0 -0.218143 0.975917 32014.DAT
1 0 240 -183.796906 -259.725006 0 0 1 -0.218143 -0.975917 0 0.975917 -0.218143 0 3706.DAT
1 7 240 -120.793106 -208.331863 1 0 0 0 0.52101 0.853551 0 -0.853551 0.52101 4519.DAT
0 STEP
1 72 220 -120.933014 -208.589478 0 -1 0 0.214735 0 -0.976672 0.976672 0 0.214735 32526.DAT
